1  1.3455e-05  0.00676879
2  0.00013712  0.137962
3  3.887e-05  0.0586628
4  2.0049e-05  0.0403441
5  4.0807e-05  0.102644
6  3.5048e-05  0.105789
7  4.7934e-05  0.168799
8  2.6219e-05  0.10552
9  1.9103e-05  0.0864911
10  2.1337e-05  0.10734
11  1.4656e-05  0.0811027
12  1.1853e-05  0.0715545
13  7.6333e-06  0.049921
14  1.1962e-05  0.0842479
15  6.6868e-06  0.0504588
16  4.3778e-05  0.352373
17  8.8543e-05  0.757235
18  0.00022627  2.04893
19  0.00015068  1.44025
20  9.3598e-05  0.941725
21  8.1932e-05  0.865566
22  8.5309e-05  0.944158
23  5.1411e-05  0.594855
24  2.9108e-05  0.35144
25  3.6862e-05  0.463603
26  5.9107e-05  0.773107
27  2.6002e-05  0.353181
28  0.0001131  1.59312
29  0.00012904  1.88256
30  9.1255e-05  1.37723
31  0.00033949  5.29439
32  7.3525e-05  1.18362
33  4.3144e-05  0.716245
34  6.0883e-05  1.04136
35  4.9914e-05  0.878856
36  4.0458e-05  0.732714
37  5.0865e-05  0.946778
38  1.538e-05  0.294013
39  8.4762e-06  0.1663
40  5.9048e-06  0.118821
41  7.7391e-06  0.159625
42  7.3367e-06  0.155016
43  5.5379e-06  0.119796
44  1.0043e-05  0.222302
45  6.7241e-06  0.152221
46  5.8704e-06  0.135848
47  1.4619e-05  0.345655
48  6.9546e-06  0.167935
49  1.0542e-05  0.259864
50  1.4822e-05  0.372824
51  1.5547e-05  0.398882
52  6.3502e-06  0.166119
53  7.1003e-06  0.189313
54  6.7243e-06  0.18267
55  4.276e-06  0.118312
56  2.9027e-05  0.817744
57  5.489e-06  0.157397
58  4.787e-06  0.139675
59  3.6329e-05  1.07828
60  6.8634e-06  0.207166
61  1.5081e-05  0.462794
62  1.1878e-05  0.370478
63  2.9682e-05  0.940721
64  2.2923e-05  0.738038
65  3.2642e-06  0.106738
66  2.9968e-06  0.0995014
67  3.5934e-06  0.121118
68  2.8781e-06  0.098456
69  6.1324e-06  0.212866
70  4.4475e-06  0.156618
71  9.9367e-06  0.354918
72  3.6467e-06  0.132087
73  3.1866e-06  0.117025
74  2.3999e-06  0.0893413
75  3.4961e-06  0.131908
76  4.8613e-06  0.185863
77  1.2741e-05  0.493539
78  1.2105e-05  0.474992
79  1.5463e-05  0.614537
80  1.0401e-05  0.418593
81  8.1579e-06  0.332423
82  8.5538e-06  0.352858
83  1.0187e-05  0.425355
84  2.3111e-05  0.976619
85  1.4064e-05  0.601388
86  1.6522e-05  0.714806
87  1.8844e-05  0.824745
88  2.2567e-05  0.999042
89  2.6221e-05  1.174
90  2.9692e-05  1.34434
91  3.6064e-05  1.65098
92  3.0833e-05  1.42702
93  1.1803e-05  0.552208
94  1.2187e-05  0.576304
95  9.2216e-06  0.440714
96  7.204e-06  0.347914
97  5.5223e-06  0.269475
98  7.8978e-05  3.89367
99  1.1611e-05  0.578272
100  1.6549e-05  0.832528
101  7.6943e-06  0.390947
102  1.0179e-05  0.522315
103  6.9566e-05  3.60464
104  6.67e-05  3.48969
105  1.2223e-05  0.645646
106  1.1657e-05  0.621613
107  1.4432e-05  0.776851
108  1.6698e-05  0.907226
109  2.3691e-05  1.29908
110  1.8037e-05  0.998124
111  2.0697e-05  1.15573
112  1.9723e-05  1.11127
113  2.0575e-05  1.16962
114  1.3589e-05  0.779327
115  7.1641e-06  0.414464
116  1.1774e-05  0.687083
117  1.3304e-05  0.783061
118  4.9562e-05  2.9421
119  1.498e-05  0.89678
120  4.725e-05  2.8524
121  0.00013071  7.95649
122  0.006952  426.675
123  5.1624e-05  3.19436
124  3.5777e-05  2.23179
125  2.745e-05  1.72615
126  2.6578e-05  1.68469
127  3.7042e-05  2.3666
128  2.0793e-05  1.33892
129  1.7198e-05  1.11608
130  1.9727e-05  1.29012
131  0.00015852  10.4468
132  2.7643e-05  1.83564
133  2.094e-05  1.40106
134  0.0001773  11.952
135  1.8784e-05  1.2757
136  4.1932e-05  2.86888
137  2.6842e-05  1.84996
138  2.8859e-05  2.00349
139  2.888e-05  2.01948
140  7.7064e-05  5.42759
141  6.6793e-05  4.73781
142  4.1533e-05  2.96694
143  4.5261e-05  3.25602
144  5.2604e-05  3.81073
145  5.1337e-05  3.74478
146  5.5443e-05  4.07218
147  6.884e-05  5.09079
148  8.6741e-05  6.45823
149  8.8169e-05  6.6089
150  7.9305e-05  5.98438
151  8.8837e-05  6.74836
152  9.5913e-05  7.33413
153  0.00011888  9.15014
154  0.00013282  10.2899
155  0.00023105  18.0163
156  0.0001948  15.2877
157  0.0001983  15.6621
158  0.0001798  14.2914
159  0.00017352  13.8795
160  0.00017458  14.0521
161  0.00019542  15.8279
162  0.00022993  18.7386
163  0.00026423  21.6669
164  0.00028731  23.704
165  0.00031779  26.3786
166  0.00050231  41.9476
167  0.00036043  30.2806
168  0.00041949  35.4534
169  0.00047418  40.3141
170  0.00062071  53.0842
171  0.00071648  61.635
172  0.00071473  61.844
173  0.00077338  67.3079
174  0.00077893  68.1828
175  0.00095715  84.2646
176  0.0011765  104.167
177  0.0012765  113.664
178  0.0015338  137.346
179  0.0017093  153.921
180  0.0016626  150.552
181  0.0019954  181.692
182  0.0023895  218.779
183  0.0022191  204.294
184  0.0023742  219.767
185  0.0020524  191.012
186  0.0023534  220.209
187  0.0026877  252.842
188  0.0031213  295.203
189  0.0033074  314.468
190  0.0037279  356.324
